0 0 0 1 1 0 0 1 1 0 0 0 1 0
1 0.001 0.001 0.998003 0.998003 2.49635e-09 -8.32116e-10 0.998003 0.998003 0 1 0 1.001 0.0029975
2 0.002 0.003 0.994027 0.994027 1.98284e-08 -6.60948e-09 0.994027 0.994027 0 1 0 1.003 0.00897759
3 0.004 0.007 0.986146 0.986146 1.56381e-07 -5.21268e-08 0.986145 0.986146 0 1 0 1.00702 0.0208788
4 0.008 0.015 0.970663 0.970661 1.21605e-06 -4.05349e-07 0.970659 0.970663 0 0 0 1.01511 0.0444505
5 0.008 0.023 0.955539 0.955538 1.16286e-06 -3.87619e-07 0.955536 0.955539 0 0 0 1.02327 0.0677272
6 0.008 0.031 0.940764 0.940763 1.11256e-06 -3.70854e-07 0.940761 0.940764 0 0 0 1.03149 0.0907213
7 0.008 0.039 0.926326 0.926325 1.06498e-06 -3.54993e-07 0.926323 0.926326 0 0 0 1.03977 0.113445
8 0.008 0.047 0.912213 0.912212 1.01993e-06 -3.39976e-07 0.91221 0.912213 0 0 0 1.04812 0.135909
9 0.008 0.055 0.898415 0.898414 9.77253e-07 -3.25751e-07 0.898413 0.898415 0 0 0 1.05654 0.158125
10 0.008 0.063 0.884923 0.884922 9.36803e-07 -3.12268e-07 0.88492 0.884923 0 0 0 1.06503 0.180104
11 0.008 0.071 0.871727 0.871726 8.98441e-07 -2.9948e-07 0.871724 0.871727 0 0 0 1.07358 0.201855
12 0.008 0.079 0.858816 0.858816 8.62037e-07 -2.87346e-07 0.858814 0.858816 0 0 0 1.0822 0.223388
13 0.008 0.087 0.846184 0.846183 8.27473e-07 -2.75824e-07 0.846181 0.846184 0 0 0 1.0909 0.244713
14 0.008 0.095 0.83382 0.83382 7.94639e-07 -2.6488e-07 0.833818 0.83382 0 0 0 1.09966 0.265838
15 0.008 0.103 0.821718 0.821717 7.6343e-07 -2.54477e-07 0.821716 0.821718 0 0 0 1.10849 0.286773
16 0.008 0.111 0.809869 0.809868 7.33751e-07 -2.44584e-07 0.809867 0.809869 0 0 0 1.11739 0.307526
17 0.008 0.119 0.798265 0.798265 7.05513e-07 -2.35171e-07 0.798263 0.798265 0 0 0 1.12637 0.328104
18 0.008 0.127 0.786901 0.7869 6.78632e-07 -2.26211e-07 0.786898 0.786901 0 0 0 1.13542 0.348517
19 0.008 0.135 0.775767 0.775767 6.5303e-07 -2.17677e-07 0.775765 0.775767 0 0 0 1.14454 0.36877
20 0.008 0.143 0.764859 0.764858 6.28635e-07 -2.09545e-07 0.764857 0.764859 0 0 0 1.15373 0.388871
21 0.008 0.151 0.754169 0.754168 6.05379e-07 -2.01793e-07 0.754167 0.754169 0 0 0 1.163 0.408828
22 0.008 0.159 0.743691 0.743691 5.83198e-07 -1.94399e-07 0.74369 0.743691 0 0 0 1.17234 0.428647
23 0.008 0.167 0.73342 0.73342 5.62034e-07 -1.87345e-07 0.733418 0.73342 0 0 0 1.18175 0.448334
24 0.008 0.175 0.72335 0.723349 5.4183e-07 -1.8061e-07 0.723348 0.72335 0 0 0 1.19125 0.467897
25 0.008 0.183 0.713474 0.713474 5.22534e-07 -1.74178e-07 0.713473 0.713474 0 0 0 1.20081 0.48734
26 0.008 0.191 0.703789 0.703789 5.04098e-07 -1.68033e-07 0.703788 0.703789 0 0 0 1.21046 0.50667
27 0.008 0.199 0.694288 0.694288 4.86476e-07 -1.62159e-07 0.694287 0.694288 0 0 0 1.22018 0.525894
28 0.008 0.207 0.684967 0.684967 4.69626e-07 -1.56542e-07 0.684966 0.684967 0 0 0 1.22998 0.545015
29 0.008 0.215 0.675822 0.675821 4.53506e-07 -1.51169e-07 0.67582 0.675822 0 0 0 1.23986 0.56404
30 0.008 0.223 0.666846 0.666846 4.38079e-07 -1.46026e-07 0.666845 0.666846 0 0 0 1.24982 0.582974
31 0.008 0.231 0.658037 0.658036 4.23309e-07 -1.41103e-07 0.658036 0.658037 0 0 0 1.25986 0.601822
32 0.008 0.239 0.649389 0.649389 4.09163e-07 -1.36388e-07 0.649388 0.649389 0 1 0 1.26998 0.620589
33 0.016 0.255 0.632566 0.632563 3.13838e-06 -1.04613e-06 0.632556 0.632566 0 0 0 1.29046 0.657896
34 0.016 0.271 0.616341 0.616338 2.93702e-06 -9.79007e-07 0.616332 0.616341 0 0 0 1.31128 0.694934
35 0.016 0.287 0.600685 0.600682 2.75173e-06 -9.17242e-07 0.600677 0.600685 0 0 0 1.33242 0.731739
36 0.016 0.303 0.585571 0.585568 2.58098e-06 -8.60326e-07 0.585563 0.585571 0 0 0 1.35391 0.768344
37 0.016 0.319 0.570973 0.57097 2.42342e-06 -8.07807e-07 0.570965 0.570973 0 0 0 1.37575 0.804779
38 0.016 0.335 0.556866 0.556864 2.27784e-06 -7.5928e-07 0.556859 0.556866 0 0 0 1.39794 0.841074
39 0.016 0.351 0.543228 0.543226 2.14316e-06 -7.14387e-07 0.543222 0.543228 0 0 0 1.42049 0.877259
40 0.016 0.367 0.530038 0.530036 2.01841e-06 -6.72803e-07 0.530032 0.530038 0 0 0 1.4434 0.91336
41 0.016 0.383 0.517276 0.517274 1.90271e-06 -6.34238e-07 0.51727 0.517276 0 0 0 1.46668 0.949402
42 0.016 0.399 0.504922 0.50492 1.7953e-06 -5.98432e-07 0.504916 0.504922 0 0 0 1.49033 0.985412
43 0.016 0.415 0.492959 0.492957 1.69545e-06 -5.6515e-07 0.492954 0.492959 0 0 0 1.51437 1.02141
44 0.016 0.431 0.48137 0.481368 1.60254e-06 -5.34181e-07 0.481365 0.48137 0 0 0 1.5388 1.05743
45 0.016 0.447 0.470139 0.470138 1.516e-06 -5.05332e-07 0.470135 0.470139 0 0 0 1.56361 1.09348
46 0.016 0.463 0.459252 0.45925 1.43529e-06 -4.78431e-07 0.459247 0.459252 0 0 0 1.58883 1.12958
47 0.016 0.479 0.448693 0.448692 1.35996e-06 -4.53321e-07 0.448689 0.448693 0 0 0 1.61446 1.16577
48 0.016 0.495 0.43845 0.438449 1.28958e-06 -4.29861e-07 0.438446 0.43845 0 0 0 1.6405 1.20205
49 0.016 0.511 0.42851 0.428509 1.22376e-06 -4.0792e-07 0.428507 0.42851 0 0 0 1.66696 1.23845
50 0.016 0.527 0.418861 0.41886 1.16215e-06 -3.87382e-07 0.418858 0.418861 0 0 0 1.69384 1.27498
51 0.016 0.543 0.409492 0.409491 1.10442e-06 -3.68139e-07 0.409489 0.409492 0 0 0 1.72116 1.31167
52 0.016 0.559 0.400391 0.40039 1.05028e-06 -3.50095e-07 0.400388 0.400391 0 0 0 1.74892 1.34853
53 0.016 0.575 0.391549 0.391548 9.99476e-07 -3.33159e-07 0.391546 0.391549 0 0 0 1.77713 1.38558
54 0.016 0.591 0.382955 0.382954 9.51751e-07 -3.1725e-07 0.382952 0.382955 0 0 0 1.80579 1.42284
55 0.016 0.607 0.374601 0.3746 9.06885e-07 -3.02295e-07 0.374598 0.374601 0 0 0 1.83492 1.46032
56 0.016 0.623 0.366477 0.366476 8.64673e-07 -2.88224e-07 0.366474 0.366477 0 0 0 1.86451 1.49804
57 0.016 0.639 0.358575 0.358574 8.24928e-07 -2.74976e-07 0.358573 0.358575 0 0 0 1.89459 1.53601
58 0.016 0.655 0.350888 0.350887 7.87476e-07 -2.62492e-07 0.350885 0.350888 0 0 0 1.92514 1.57425
59 0.016 0.671 0.343407 0.343406 7.52161e-07 -2.5072e-07 0.343404 0.343407 0 0 0 1.95619 1.61279
60 0.016 0.687 0.336125 0.336124 7.18835e-07 -2.39612e-07 0.336122 0.336125 0 0 0 1.98774 1.65162
61 0.016 0.703 0.329035 0.329034 6.87365e-07 -2.29122e-07 0.329033 0.329035 0 0 0 2.0198 1.69077
62 0.016 0.719 0.322131 0.32213 6.57627e-07 -2.19209e-07 0.322129 0.322131 0 0 0 2.05238 1.73025
63 0.016 0.735 0.315406 0.315405 6.29506e-07 -2.09835e-07 0.315404 0.315406 0 0 0 2.08548 1.77008
64 0.016 0.751 0.308854 0.308853 6.02898e-07 -2.00966e-07 0.308852 0.308854 0 0 0 2.11912 1.81026
65 0.016 0.767 0.30247 0.302469 5.77704e-07 -1.92568e-07 0.302468 0.30247 0 0 0 2.1533 1.85083
66 0.016 0.783 0.296247 0.296246 5.53834e-07 -1.84611e-07 0.296245 0.296247 0 0 0 2.18803 1.89178
67 0.016 0.799 0.290181 0.29018 5.31206e-07 -1.77069e-07 0.290179 0.290181 0 0 0 2.22332 1.93314
68 0.016 0.815 0.284266 0.284266 5.09741e-07 -1.69914e-07 0.284265 0.284266 0 0 0 2.25918 1.97491
69 0.016 0.831 0.278498 0.278498 4.89368e-07 -1.63123e-07 0.278497 0.278498 0 0 0 2.29561 2.01711
70 0.016 0.847 0.272872 0.272872 4.70019e-07 -1.56673e-07 0.272871 0.272872 0 0 0 2.33264 2.05977
71 0.016 0.863 0.267384 0.267383 4.51634e-07 -1.50545e-07 0.267382 0.267384 0 0 0 2.37026 2.10288
72 0.016 0.879 0.262028 0.262028 4.34154e-07 -1.44718e-07 0.262027 0.262028 0 0 0 2.40849 2.14646
73 0.016 0.895 0.256801 0.256801 4.17526e-07 -1.39175e-07 0.2568 0.256801 0 0 0 2.44734 2.19053
74 0.016 0.911 0.2517 0.251699 4.017e-07 -1.339e-07 0.251699 0.2517 0 1 0 2.48681 2.23511
75 0.032 0.943 0.24186 0.241857 3.0664e-06 -1.02213e-06 0.241851 0.24186 0 0 0 2.56767 2.32581
76 0.032 0.975 0.232476 0.232473 2.84466e-06 -9.48221e-07 0.232467 0.232476 0 0 0 2.65117 2.41869
77 0.032 1.007 0.223521 0.223519 2.64293e-06 -8.80975e-07 0.223514 0.223521 0 0 0 2.73738 2.51386
78 0.032 1.039 0.214972 0.21497 2.45903e-06 -8.19678e-07 0.214965 0.214972 0 0 0 2.82639 2.61142
79 0.032 1.071 0.206805 0.206802 2.2911e-06 -7.637e-07 0.206798 0.206805 0 0 0 2.9183 2.71149
80 0.032 1.103 0.198999 0.198996 2.13747e-06 -7.12491e-07 0.198992 0.198999 0 0 0 3.01319 2.81419
81 0.032 1.135 0.191534 0.191532 1.99669e-06 -6.65564e-07 0.191528 0.191534 0 0 0 3.11117 2.91964
82 0.032 1.167 0.184392 0.18439 1.86747e-06 -6.22491e-07 0.184386 0.184392 0 0 0 3.21234 3.02795
83 0.032 1.199 0.177556 0.177554 1.74868e-06 -5.82892e-07 0.177551 0.177556 0 0 0 3.3168 3.13924
84 0.032 1.231 0.17101 0.171008 1.6393e-06 -5.46433e-07 0.171005 0.17101 0 0 0 3.42465 3.25364
85 0.032 1.263 0.164739 0.164738 1.53844e-06 -5.12814e-07 0.164735 0.164739 0 0 0 3.53601 3.37127
86 0.032 1.295 0.158729 0.158728 1.44531e-06 -4.8177e-07 0.158725 0.158729 0 0 0 3.651 3.49227
87 0.032 1.327 0.152968 0.152966 1.35919e-06 -4.53064e-07 0.152964 0.152968 0 0 0 3.76972 3.61675
88 0.032 1.359 0.147442 0.14744 1.27945e-06 -4.26485e-07 0.147438 0.147442 0 0 0 3.8923 3.74486
89 0.032 1.391 0.14214 0.142138 1.20553e-06 -4.01843e-07 0.142136 0.14214 0 0 0 4.01887 3.87673
90 0.032 1.423 0.137051 0.13705 1.13691e-06 -3.78969e-07 0.137048 0.137051 0 0 0 4.14955 4.0125
91 0.032 1.455 0.132166 0.132165 1.07313e-06 -3.57709e-07 0.132163 0.132166 0 0 0 4.28448 4.15232
92 0.032 1.487 0.127474 0.127473 1.01378e-06 -3.37927e-07 0.127471 0.127474 0 0 0 4.4238 4.29633
93 0.032 1.519 0.122967 0.122966 9.58499e-07 -3.195e-07 0.122965 0.122967 0 0 0 4.56766 4.44469
94 0.032 1.551 0.118637 0.118636 9.06943e-07 -3.02314e-07 0.118634 0.118637 0 0 0 4.71618 4.59755
95 0.032 1.583 0.114474 0.114473 8.58812e-07 -2.86271e-07 0.114471 0.114474 0 0 0 4.86954 4.75507
96 0.032 1.615 0.110471 0.110471 8.13831e-07 -2.71277e-07 0.110469 0.110471 0 0 0 5.02789 4.91742
97 0.032 1.647 0.106622 0.106622 7.71751e-07 -2.5725e-07 0.10662 0.106622 0 0 0 5.19138 5.08476
98 0.032 1.679 0.10292 0.102919 7.32347e-07 -2.44116e-07 0.102918 0.10292 0 0 0 5.36019 5.25727
99 0.032 1.711 0.0993573 0.0993566 6.95413e-07 -2.31804e-07 0.0993553 0.0993573 0 0 0 5.53449 5.43514
100 0.032 1.743 0.0959289 0.0959283 6.60764e-07 -2.20255e-07 0.095927 0.0959289 0 0 0 5.71446 5.61853
101 0.032 1.775 0.0926288 0.0926282 6.28227e-07 -2.09409e-07 0.0926269 0.0926288 0 0 0 5.90028 5.80765
102 0.032 1.807 0.0894515 0.0894509 5.97648e-07 -1.99216e-07 0.0894497 0.0894515 0 0 0 6.09214 6.00269
103 0.032 1.839 0.0863917 0.0863911 5.68885e-07 -1.89628e-07 0.08639 0.0863917 0 0 0 6.29024 6.20385
104 0.032 1.871 0.0834446 0.0834441 5.41807e-07 -1.80602e-07 0.083443 0.0834446 0 0 0 6.49479 6.41134
105 0.032 1.903 0.0806055 0.080605 5.16296e-07 -1.72099e-07 0.080604 0.0806055 0 0 0 6.70598 6.62538
106 0.032 1.935 0.07787 0.0778695 4.92242e-07 -1.64081e-07 0.0778685 0.07787 0 0 0 6.92404 6.84617
107 0.032 1.967 0.0752337 0.0752332 4.69544e-07 -1.56515e-07 0.0752323 0.0752337 0 0 0 7.1492 7.07396
108 0.032 1.999 0.0726927 0.0726922 4.48111e-07 -1.4937e-07 0.0726913 0.0726927 0 0 0 7.38167 7.30898
109 0.032 2.031 0.0702431 0.0702427 4.27857e-07 -1.42619e-07 0.0702418 0.0702431 0 0 0 7.6217 7.55146
110 0.032 2.063 0.0678813 0.0678809 4.08704e-07 -1.36235e-07 0.0678801 0.0678813 0 1 0 7.86954 7.80166
111 0.064 2.127 0.0634102 0.0634071 3.09941e-06 -1.03314e-06 0.063401 0.0634102 0 0 0 8.38966 8.32625
112 0.064 2.191 0.05925 0.0592471 2.8351e-06 -9.45033e-07 0.0592415 0.05925 0 0 0 8.94415 8.8849
113 0.064 2.255 0.0553768 0.0553742 2.59741e-06 -8.65804e-07 0.055369 0.0553768 0 0 0 9.53529 9.47992
114 0.064 2.319 0.0517692 0.0517668 2.38316e-06 -7.94387e-07 0.051762 0.0517692 0 0 0 10.1655 10.1137
115 0.064 2.383 0.0484073 0.0484051 2.18961e-06 -7.29869e-07 0.0484007 0.0484073 0 0 0 10.8374 10.789
116 0.064 2.447 0.0452731 0.045271 2.01438e-06 -6.71458e-07 0.045267 0.0452731 0 0 0 11.5536 11.5084
117 0.064 2.511 0.04235 0.0423481 1.85541e-06 -6.18472e-07 0.0423444 0.04235 0 0 0 12.3172 12.2749
118 0.064 2.575 0.0396227 0.039621 1.71094e-06 -5.70313e-07 0.0396176 0.0396227 0 0 0 13.1313 13.0917
119 0.064 2.639 0.0370773 0.0370757 1.5794e-06 -5.26465e-07 0.0370726 0.0370773 0 0 0 13.9992 13.9621
120 0.064 2.703 0.0347009 0.0346994 1.45942e-06 -4.86473e-07 0.0346965 0.0347009 0 0 0 14.9244 14.8897
121 0.064 2.767 0.0324815 0.0324802 1.34982e-06 -4.4994e-07 0.0324775 0.0324815 0 0 0 15.9108 15.8783
122 0.064 2.831 0.0304082 0.030407 1.24954e-06 -4.16515e-07 0.0304045 0.0304082 0 0 0 16.9624 16.932
123 0.064 2.895 0.0284709 0.0284698 1.15767e-06 -3.8589e-07 0.0284675 0.0284709 0 0 0 18.0835 18.055
124 0.064 2.959 0.0266603 0.0266592 1.07338e-06 -3.57793e-07 0.026657 0.0266603 0 0 0 19.2787 19.252
125 0.064 3.023 0.0249675 0.0249665 9.95943e-07 -3.31981e-07 0.0249645 0.0249675 0 0 0 20.5529 20.5279
126 0.064 3.087 0.0233847 0.0233837 9.2472e-07 -3.0824e-07 0.0233819 0.0233847 0 0 0 21.9112 21.8879
127 0.064 3.151 0.0219043 0.0219035 8.59136e-07 -2.86379e-07 0.0219017 0.0219043 0 0 0 23.3594 23.3375
128 0.064 3.215 0.0205196 0.0205188 7.98679e-07 -2.66226e-07 0.0205172 0.0205196 0 0 0 24.9033 24.8828
129 0.064 3.279 0.019224 0.0192232 7.42892e-07 -2.47631e-07 0.0192217 0.019224 0 0 0 26.5492 26.53
130 0.064 3.343 0.0180116 0.0180109 6.91364e-07 -2.30455e-07 0.0180096 0.0180116 0 0 0 28.3039 28.2859
131 0.064 3.407 0.016877 0.0168764 6.43726e-07 -2.14575e-07 0.0168751 0.016877 0 0 0 30.1746 30.1577
132 0.064 3.471 0.015815 0.0158144 5.99647e-07 -1.99882e-07 0.0158132 0.015815 0 0 0 32.1689 32.1531
133 0.064 3.535 0.0148207 0.0148202 5.58828e-07 -1.86276e-07 0.014819 0.0148207 0 0 0 34.295 34.2802
134 0.064 3.599 0.0138898 0.0138893 5.20999e-07 -1.73666e-07 0.0138883 0.0138898 0 0 0 36.5617 36.5478
135 0.064 3.663 0.0130182 0.0130177 4.85916e-07 -1.61972e-07 0.0130167 0.0130182 0 0 0 38.9781 38.9651
136 0.064 3.727 0.0122019 0.0122014 4.53356e-07 -1.51119e-07 0.0122005 0.0122019 0 0 0 41.5543 41.5421
137 0.064 3.791 0.0114373 0.0114369 4.2312e-07 -1.4104e-07 0.011436 0.0114373 0 0 0 44.3007 44.2892
138 0.064 3.855 0.0107212 0.0107208 3.95025e-07 -1.31675e-07 0.01072 0.0107212 0 1 0 47.2286 47.2179
139 0.128 3.983 0.00942477 0.00942185 2.92347e-06 -9.7449e-07 0.009416 0.00942477 0 0 0 53.6778 53.6684
140 0.128 4.111 0.00828639 0.00828383 2.55293e-06 -8.50978e-07 0.00827873 0.00828639 0 0 0 61.0077 60.9994
141 0.128 4.239 0.00728648 0.00728425 2.23148e-06 -7.43825e-07 0.00727979 0.00728648 0 0 0 69.3385 69.3312
142 0.128 4.367 0.00640799 0.00640604 1.95212e-06 -6.50708e-07 0.00640213 0.00640799 0 0 0 78.8069 78.8004
143 0.128 4.495 0.005636 0.00563429 1.709e-06 -5.69666e-07 0.00563087 0.005636 0 0 0 89.5682 89.5625
144 0.128 4.623 0.00495746 0.00495596 1.49712e-06 -4.99039e-07 0.00495297 0.00495746 0 0 0 101.799 101.794
145 0.128 4.751 0.00436096 0.00435965 1.31225e-06 -4.37418e-07 0.00435703 0.00436096 0 0 0 115.7 115.696
146 0.128 4.879 0.00383651 0.00383536 1.15079e-06 -3.83597e-07 0.00383306 0.00383651 0 0 0 131.499 131.495
147 0.128 5.007 0.00337534 0.00337433 1.00964e-06 -3.36548e-07 0.00337231 0.00337534 0 0 0 149.456 149.452
148 0.128 5.135 0.00296976 0.00296887 8.86149e-07 -2.95383e-07 0.0029671 0.00296976 0 0 0 169.864 169.861
149 0.128 5.263 0.00261304 0.00261227 7.78027e-07 -2.59342e-07 0.00261071 0.00261304 0 0 0 193.06 193.057
150 0.128 5.391 0.00229927 0.00229859 6.83302e-07 -2.27767e-07 0.00229722 0.00229927 0 0 0 219.423 219.42
151 0.128 5.519 0.00202325 0.00202265 6.00269e-07 -2.0009e-07 0.00202145 0.00202325 0 0 0 249.386 249.384
152 0.128 5.647 0.00178042 0.0017799 5.27448e-07 -1.75816e-07 0.00177884 0.00178042 0 0 0 283.44 283.438
153 0.128 5.775 0.00156678 0.00156632 4.63557e-07 -1.54519e-07 0.00156539 0.00156678 0 0 0 322.144 322.143
154 0.128 5.903 0.00137882 0.00137841 4.07478e-07 -1.35826e-07 0.00137759 0.00137882 0 1 0 366.134 366.133
155 0.256 6.159 0.00107071 0.00106789 2.81836e-06 -9.39455e-07 0.00106226 0.00107071 0 0 0 472.955 472.954
156 0.256 6.415 0.00083151 0.000829325 2.18523e-06 -7.2841e-07 0.000824954 0.00083151 0 0 0 610.941 610.94
157 0.256 6.671 0.000645778 0.000644083 1.69502e-06 -5.65006e-07 0.000640693 0.000645778 0 0 0 789.184 789.184
158 0.256 6.927 0.000501552 0.000500237 1.31519e-06 -4.38396e-07 0.000497607 0.000501552 0 0 0 1019.43 1019.43
159 0.256 7.183 0.000389549 0.000388528 1.02072e-06 -3.40242e-07 0.000386487 0.000389549 0 0 0 1316.85 1316.85
160 0.256 7.439 0.000302565 0.000301772 7.92341e-07 -2.64114e-07 0.000300188 0.000302565 0 0 0 1701.05 1701.05
161 0.256 7.695 0.000235008 0.000234393 6.15148e-07 -2.05049e-07 0.000233162 0.000235008 0 0 0 2197.33 2197.33
162 0.256 7.951 0.000182538 0.00018206 4.77636e-07 -1.59212e-07 0.000181105 0.000182538 0 0 0 2838.41 2838.41
163 0.256 8.207 0.000141784 0.000141413 3.70897e-07 -1.23632e-07 0.000140671 0.000141784 0 1 0 3666.53 3666.53
164 0.512 8.719 8.77714e-05 8.55435e-05 2.22793e-06 -7.42643e-07 8.10876e-05 8.77714e-05 0 0 0 6118.06 6118.06
165 0.512 9.231 5.43357e-05 5.29568e-05 1.37886e-06 -4.59621e-07 5.01991e-05 5.43357e-05 0 0 0 10208.7 10208.7
166 0.512 9.743 3.36372e-05 3.27838e-05 8.53469e-07 -2.8449e-07 3.10768e-05 3.36372e-05 0 0 0 17034.6 17034.6
167 0.257 10 2.61031e-05 2.6034e-05 6.90911e-08 -2.30304e-08 2.58959e-05 2.61031e-05 0 1 0 22026.5 22026.5
